63,0
62,3
62,2
62,1
62,0
61,4
61,3
61,2
61,1
61,0
60,4
60,3
60,2
60,1
60,0
59,4
59,3
59,2
59,1
59,0
58,3
58,2
58,1
58,0
57,3
57,2
57,1
57,0
56,7
56,6
56,5
56,4
56,3
56,2
56,1
56,0
55,5
55,4
55,3
55,2
55,1
55,0
54,3
54,2
54,1
54,0
48,4
48,3
48,2
48,1
48,0
42,4
42,3
42,2
42,1
42,0
41,4
41,3
41,2
41,1
41,0
40,4
40,3
40,2
40,1
40,0
27,3
27,2
27,1
27,0
26,5
26,4
26,3
26,2
26,1
26,0
17,4
17,3
17,2
17,1
17,0
4,3
4,2
4,1
4,0
3,6
3,5
3,4
3,3
3,2
3,1
3,0
2,6
2,5
2,4
2,3
2,2
2,1
2,0
1,3
1,2
1,1
1,0
0,408
0,402
0,322
0,243
0,9
0,0
0,310
0,305
0,308
0,304
0,303
0,302
0,307
0,12
0,10
0,8
0,421
0,300
0,420
0,299
0,419
0,298
0,431
0,297
0,418
0,296
0,430
0,295
0,417
0,294
0,416
0,293
0,415
0,292
0,414
0,291
0,429
0,290
0,413
0,289
0,412
0,288
0,411
0,287
0,410
0,286
0,409
0,285
0,407
0,284
0,406
0,283
0,405
0,282
0,404
0,281
0,403
0,280
0,279
0,436
0,278
0,401
0,277
0,400
0,276
0,399
0,275
0,398
0,274
0,397
63,1
63,2
63,4
64,0
64,2
64,3
64,5
65,1
65,2
65,4
65,5
65,7
66,1
66,2
66,4
67,0
67,2
67,3
68,0
68,2
68,3
68,5
68,6
69,1
69,3
69,4
69,6
69,7
70,0
70,1
70,3
70,5
70,6
70,8
70,9
70,11
70,13
70,14
70,16
70,17
70,19
70,20
70,22
70,24
70,25
70,27
70,28
70,30
70,32
70,33
71,1
71,2
71,4
71,6
71,7
72,1
72,2
72,4
72,3
72,0
71,5
71,3
71,0
70,31
70,29
70,26
70,23
70,21
70,18
70,15
70,12
70,10
70,7
70,4
70,2
69,8
69,5
69,2
69,0
68,4
68,1
67,4
67,1
66,3
66,0
65,6
65,3
65,0
64,4
64,1
63,3
0,273
0,396
0,272
0,395
0,271
0,394
0,270
0,393
0,269
0,392
0,268
0,391
0,267
0,390
0,266
0,389
0,265
0,428
0,264
0,388
0,263
0,387
0,262
0,386
0,261
0,385
0,260
0,435
0,259
0,384
0,258
0,383
0,257
0,382
0,256
0,381
0,255
0,427
0,254
0,380
0,253
0,379
0,252
0,378
0,251
0,377
0,250
0,376
0,249
0,375
0,248
0,374
0,247
0,373
0,246
0,372
0,245
0,371
0,244
0,434
0,242
0,370
0,241
0,369
0,240
0,368
0,239
0,367
0,238
0,426
0,237
0,366
0,236
0,365
0,235
0,364
0,234
0,363
0,233
0,362
0,232
0,361
0,231
0,360
0,230
0,359
0,229
0,358
0,228
0,357
0,227
0,425
0,226
0,356
0,225
0,355
0,224
0,354
0,223
0,353
0,222
0,352
0,221
0,351
0,220
0,350
0,219
0,424
0,218
0,349
0,217
0,348
0,216
0,347
0,215
0,346
0,214
0,433
0,213
0,345
0,212
0,344
0,211
0,343
0,210
0,342
0,209
0,341
0,208
0,340
0,207
0,339
0,206
0,338
0,205
0,337
0,204
0,336
0,203
0,423
0,202
0,335
0,201
0,334
0,200
0,333
0,199
0,332
0,198
0,331
0,197
0,330
0,196
0,432
0,195
0,329
0,194
0,328
0,193
0,327
0,192
0,326
0,63
0,422
0,62
0,325
0,61
0,324
0,60
0,323
0,59
0,321
0,58
0,320
0,57
0,319
0,56
0,437
0,55
0,318
0,54
0,317
0,53
0,316
0,52
0,315
0,51
0,314
0,50
0,313
0,49
0,312
0,48
0,311
0,47
0,309
0,46
0,306
0,45
0,301
0,6
0,5
0,1
0,11
0,4
0,2
0,3
0,7
